特征数:6.0 通道数:6.0 准确率:0.8523076923076924 准确率标准差:0.2066202149233955
[1 0 0 1 1 0 0 0 1 1 0 0 1 0 0 0 1 1 0 0 0 0 0 0 0 1 1 1 0 1]
特征数:5.0 通道数:7.0 准确率:0.9774358974358974 准确率标准差:0.04512820512820514
[0 1 1 1 0 1 0 0 0 1 0 0 0 0 0 0 0 0 0 0 0 0 1 1 1 1 0 1 1 1]
特征数:5.0 通道数:7.0 准确率:0.9774358974358974 准确率标准差:0.04512820512820514
[0 1 1 1 0 1 0 0 0 1 0 0 0 0 0 0 0 0 0 0 0 0 1 1 1 1 0 1 1 1]
特征数:5.0 通道数:7.0 准确率:0.8635897435897435 准确率标准差:0.1469783312219311
[1 1 1 0 0 0 0 0 0 1 1 0 0 0 0 0 0 0 0 0 0 1 0 1 0 1 1 1 1 1]
特征数:6.0 通道数:6.0 准确率:0.8523076923076924 准确率标准差:0.2066202149233955
[1 0 0 1 1 0 0 0 1 1 0 0 1 0 0 0 1 1 0 0 0 0 0 0 0 1 1 1 0 1]
特征数:7.0 通道数:7.0 准确率:0.9876923076923076 准确率标准差:0.024615384615384615
[0 1 1 1 0 0 0 1 0 0 1 1 1 0 1 1 0 0 0 1 0 1 0 1 0 1 0 0 0 1]
特征数:7.0 通道数:7.0 准确率:0.9876923076923076 准确率标准差:0.024615384615384615
[0 1 1 1 0 0 0 1 0 0 1 1 1 0 1 1 0 0 0 1 0 1 0 1 0 1 0 0 0 1]
特征数:5.0 通道数:7.0 准确率:0.9774358974358974 准确率标准差:0.04512820512820514
[0 1 1 1 0 1 0 0 0 1 0 0 0 0 0 0 0 0 0 0 0 0 1 1 1 1 0 1 1 1]
特征数:5.0 通道数:7.0 准确率:0.9774358974358974 准确率标准差:0.04512820512820514
[0 1 1 1 0 1 0 0 0 1 0 0 0 0 0 0 0 0 0 0 0 0 1 1 1 1 0 1 1 1]
特征数:5.0 通道数:7.0 准确率:0.9774358974358974 准确率标准差:0.04512820512820514
[0 1 1 1 0 1 0 0 0 1 0 0 0 0 0 0 0 0 0 0 0 0 1 1 1 1 0 1 1 1]
特征数:4.0 通道数:6.0 准确率:0.9117948717948718 准确率标准差:0.12617469079405613
[1 1 1 0 1 0 0 0 0 0 0 0 0 0 0 0 0 0 0 1 0 1 1 0 0 1 0 0 1 1]
特征数:4.0 通道数:10.0 准确率:0.7815384615384615 准确率标准差:0.22946870001517314
[0 0 0 0 0 0 1 1 1 0 0 0 0 1 1 1 0 1 1 1 1 0 1 1 0 0 0 1 0 1]
特征数:6.0 通道数:7.0 准确率:0.9620512820512821 准确率标准差:0.0758974358974359
[1 0 0 1 0 1 0 0 1 0 0 1 1 0 0 1 0 0 0 1 1 1 0 1 0 0 1 0 1 0]
特征数:6.0 通道数:6.0 准确率:0.8646153846153846 准确率标准差:0.14232409237909052
[0 1 0 1 0 0 1 1 0 0 0 1 1 0 0 0 1 0 0 1 0 1 0 0 1 1 0 1 0 0]
特征数:4.0 通道数:9.0 准确率:0.6358974358974359 准确率标准差:0.2945929562327194
[0 0 0 0 0 1 0 0 0 1 0 1 0 1 0 0 1 1 0 1 1 1 0 1 0 0 0 1 1 1]
特征数:8.0 通道数:8.0 准确率:0.9764102564102564 准确率标准差:0.04717948717948719
[1 0 0 1 1 1 0 1 1 1 0 0 0 1 0 1 1 1 0 0 0 1 1 0 0 0 1 0 1 1]
特征数:7.0 通道数:7.0 准确率:0.8615384615384616 准确率标准差:0.2005383943295223
[0 0 1 0 1 0 1 1 1 1 0 1 0 0 0 0 0 0 1 0 1 0 1 1 0 1 0 0 1 1]
特征数:6.0 通道数:6.0 准确率:0.8646153846153846 准确率标准差:0.14232409237909052
[0 1 0 1 0 0 1 1 0 0 0 1 1 0 0 0 1 0 0 1 0 1 0 0 1 1 0 1 0 0]
特征数:6.0 通道数:6.0 准确率:0.8646153846153846 准确率标准差:0.14232409237909052
[0 1 0 1 0 0 1 1 0 0 0 1 1 0 0 0 1 0 0 1 0 1 0 0 1 1 0 1 0 0]
特征数:6.0 通道数:6.0 准确率:0.7979487179487179 准确率标准差:0.24897105809953726
[1 0 1 0 1 0 1 0 0 1 0 1 0 0 0 1 0 0 1 1 1 1 0 0 0 0 1 0 0 0]
特征数:4.0 通道数:6.0 准确率:0.9117948717948718 准确率标准差:0.12617469079405613
[1 1 1 0 1 0 0 0 0 0 0 0 0 0 0 0 0 0 0 1 0 1 1 0 0 1 0 0 1 1]
特征数:7.0 通道数:7.0 准确率:0.9097435897435897 准确率标准差:0.11524664115354041
[1 1 0 1 0 1 0 0 0 1 1 0 0 1 0 0 1 1 0 1 1 1 0 0 1 1 0 0 0 0]
特征数:4.0 通道数:6.0 准确率:0.6215384615384616 准确率标准差:0.3729640326160775
[0 1 0 0 0 0 0 0 0 1 1 1 0 0 0 0 0 1 1 1 1 0 1 0 0 0 0 1 0 0]
特征数:4.0 通道数:9.0 准确率:0.9158974358974359 准确率标准差:0.12348649799624542
[0 0 0 1 0 0 0 0 0 1 1 0 0 1 0 1 1 1 0 1 0 0 0 1 1 1 1 0 1 0]
特征数:5.0 通道数:7.0 准确率:0.9630769230769229 准确率标准差:0.07384615384615385
[1 0 1 1 0 1 0 0 0 0 0 0 1 0 0 1 0 0 0 1 1 1 0 1 0 1 0 0 1 0]
特征数:8.0 通道数:7.0 准确率:0.9005128205128206 准确率标准差:0.18888509877467569
[0 1 1 1 0 1 1 0 0 1 0 1 0 1 1 1 1 1 0 0 0 0 1 1 0 0 1 0 0 0]
特征数:9.0 通道数:8.0 准确率:0.8717948717948718 准确率标准差:0.19275503525470372
[0 1 1 0 1 1 1 0 1 1 0 1 1 0 0 1 1 1 1 0 1 0 0 1 0 0 0 1 1 0]
特征数:12.0 通道数:7.0 准确率:0.9846153846153847 准确率标准差:0.03076923076923075
[1 1 1 1 1 1 1 1 1 0 1 1 1 0 1 0 0 0 0 0 0 1 1 1 0 0 1 0 1 1]
特征数:6.0 通道数:6.0 准确率:0.7979487179487179 准确率标准差:0.24897105809953726
[1 0 1 0 1 0 1 0 0 1 0 1 0 0 0 1 0 0 1 1 1 1 0 0 0 0 1 0 0 0]
特征数:4.0 通道数:6.0 准确率:0.9117948717948718 准确率标准差:0.12617469079405613
[1 1 1 0 1 0 0 0 0 0 0 0 0 0 0 0 0 0 0 1 0 1 1 0 0 1 0 0 1 1]
特征数:8.0 通道数:7.0 准确率:0.9661538461538461 准确率标准差:0.06769230769230768
[0 0 1 1 0 0 1 0 1 1 1 1 0 1 1 1 1 0 0 1 0 1 0 1 0 0 0 0 1 0]
特征数:12.0 通道数:8.0 准确率:0.9456410256410257 准确率标准差:0.07794871794871794
[1 1 1 1 1 1 1 1 1 0 1 0 1 1 0 0 0 1 1 1 0 0 0 1 0 1 1 0 1 1]
特征数:7.0 通道数:6.0 准确率:0.9528205128205129 准确率标准差:0.0918163561736823
[1 0 1 0 1 0 0 1 1 0 1 1 0 0 1 1 1 0 0 0 0 1 1 0 0 1 0 0 0 0]
特征数:8.0 通道数:9.0 准确率:0.8902564102564103 准确率标准差:0.1834607769340392
[1 1 0 0 0 1 1 0 1 0 1 1 1 0 1 0 1 1 1 0 1 1 1 0 0 0 0 1 1 0]
特征数:7.0 通道数:10.0 准确率:0.9507692307692308 准确率标准差:0.09846153846153848
[1 1 0 1 0 0 0 1 0 0 1 0 1 1 0 1 1 1 0 0 1 1 1 0 1 1 1 0 1 0]
特征数:4.0 通道数:10.0 准确率:0.9774358974358974 准确率标准差:0.04512820512820514
[0 1 0 1 0 0 0 0 0 0 0 0 1 1 1 0 1 0 1 1 1 1 1 1 0 0 0 0 1 1]
特征数:5.0 通道数:7.0 准确率:0.8912820512820512 准确率标准差:0.1204593443818917
[0 1 1 0 0 0 0 0 0 1 0 1 1 0 1 0 0 1 1 1 0 1 0 0 1 1 0 0 0 0]
特征数:4.0 通道数:6.0 准确率:0.9117948717948718 准确率标准差:0.12617469079405613
[1 1 1 0 1 0 0 0 0 0 0 0 0 0 0 0 0 0 0 1 0 1 1 0 0 1 0 0 1 1]
特征数:5.0 通道数:8.0 准确率:0.8902564102564103 准确率标准差:0.21187866970789218
[1 1 0 0 0 1 0 1 1 0 0 0 0 0 1 1 0 0 1 1 0 1 1 0 1 0 0 0 1 0]
特征数:6.0 通道数:6.0 准确率:0.8676923076923077 准确率标准差:0.23719598002254597
[1 0 0 0 0 1 0 1 1 0 1 0 0 1 1 1 0 0 0 0 1 0 0 0 1 0 1 0 0 1]
特征数:8.0 通道数:8.0 准确率:0.8512820512820514 准确率标准差:0.21285449219007893
[1 1 0 0 0 1 0 1 1 0 1 1 0 1 1 0 1 1 1 1 1 0 1 0 0 0 0 1 0 0]
特征数:9.0 通道数:8.0 准确率:0.9517948717948717 准确率标准差:0.09641025641025643
[1 0 0 1 0 0 1 1 1 1 1 1 0 1 1 1 0 1 0 1 1 0 0 1 0 0 1 0 0 1]
特征数:7.0 通道数:9.0 准确率:0.9138461538461538 准确率标准差:0.10793135861395935
[0 1 1 1 1 0 1 0 1 0 1 0 0 0 0 1 1 1 1 1 0 0 0 1 1 0 1 0 0 1]
特征数:6.0 通道数:6.0 准确率:0.9620512820512821 准确率标准差:0.0684648995621688
[0 1 1 1 1 0 0 0 0 0 0 1 0 1 0 0 1 1 0 0 1 0 1 1 0 0 0 0 0 1]
特征数:4.0 通道数:6.0 准确率:0.9117948717948718 准确率标准差:0.12617469079405613
[1 1 1 0 1 0 0 0 0 0 0 0 0 0 0 0 0 0 0 1 0 1 1 0 0 1 0 0 1 1]
特征数:10.0 通道数:11.0 准确率:0.917948717948718 准确率标准差:0.1641025641025641
[1 1 1 1 0 1 1 0 1 1 1 1 0 0 1 1 1 1 1 1 1 0 1 1 1 0 0 0 1 0]
特征数:5.0 通道数:6.0 准确率:0.7805128205128207 准确率标准差:0.21102797767968254
[1 1 0 0 1 0 1 0 0 0 0 0 0 1 0 1 1 1 1 0 0 0 0 0 1 0 0 0 1 0]
特征数:4.0 通道数:9.0 准确率:0.8369230769230769 准确率标准差:0.2004177097530131
[0 0 1 0 1 0 0 1 0 0 1 0 0 0 1 1 0 1 0 1 1 1 0 1 1 0 0 1 0 0]
特征数:11.0 通道数:10.0 准确率:0.9579487179487178 准确率标准差:0.08410256410256411
[1 0 0 1 1 1 0 1 1 1 1 1 1 1 0 1 1 0 1 1 1 1 1 1 1 0 1 0 0 0]
特征数:6.0 通道数:6.0 准确率:0.9620512820512821 准确率标准差:0.0684648995621688
[0 1 1 1 1 0 0 0 0 0 0 1 0 1 0 0 1 1 0 0 1 0 1 1 0 0 0 0 0 1]
特征数:7.0 通道数:7.0 准确率:0.8882051282051282 准确率标准差:0.2235897435897436
[0 1 1 0 1 1 1 0 0 0 0 1 0 1 1 1 0 0 1 0 1 0 0 0 0 1 1 0 1 0]
特征数:7.0 通道数:7.0 准确率:0.9158974358974359 准确率标准差:0.16820512820512817
[1 0 1 1 0 1 0 1 1 0 0 0 0 1 1 0 0 0 1 1 0 0 0 1 1 1 1 0 0 0]
特征数:5.0 通道数:6.0 准确率:0.7805128205128207 准确率标准差:0.21102797767968254
[1 1 0 0 1 0 1 0 0 0 0 0 0 1 0 1 1 1 1 0 0 0 0 0 1 0 0 0 1 0]
特征数:8.0 通道数:12.0 准确率:0.8923076923076922 准确率标准差:0.2052819936329723
[0 1 0 0 0 1 1 1 1 1 1 0 0 1 1 1 1 0 1 0 1 1 0 1 1 1 1 0 1 1]
特征数:6.0 通道数:6.0 准确率:0.9620512820512821 准确率标准差:0.0684648995621688
[0 1 1 1 1 0 0 0 0 0 0 1 0 1 0 0 1 1 0 0 1 0 1 1 0 0 0 0 0 1]
特征数:7.0 通道数:8.0 准确率:0.9753846153846153 准确率标准差:0.04923076923076923
[0 0 1 1 1 0 0 0 1 1 0 1 0 1 0 0 0 0 1 0 1 1 0 1 0 0 1 1 1 1]
特征数:4.0 通道数:6.0 准确率:0.8307692307692308 准确率标准差:0.15233445331678624
[1 0 1 0 0 0 1 0 0 0 0 0 1 0 1 1 0 0 0 1 0 0 0 0 0 1 0 1 0 1]
特征数:5.0 通道数:6.0 准确率:0.7805128205128207 准确率标准差:0.21102797767968254
[1 1 0 0 1 0 1 0 0 0 0 0 0 1 0 1 1 1 1 0 0 0 0 0 1 0 0 0 1 0]
特征数:5.0 通道数:6.0 准确率:0.7805128205128207 准确率标准差:0.21102797767968254
[1 1 0 0 1 0 1 0 0 0 0 0 0 1 0 1 1 1 1 0 0 0 0 0 1 0 0 0 1 0]
特征数:10.0 通道数:8.0 准确率:0.9384615384615385 准确率标准差:0.12052918601372382
[1 1 0 1 1 0 0 1 1 0 1 1 1 1 1 0 1 1 0 0 0 0 1 1 0 1 1 0 1 0]
特征数:4.0 通道数:6.0 准确率:0.8307692307692308 准确率标准差:0.15233445331678624
[1 0 1 0 0 0 1 0 0 0 0 0 1 0 1 1 0 0 0 1 0 0 0 0 0 1 0 1 0 1]
特征数:5.0 通道数:6.0 准确率:0.7805128205128207 准确率标准差:0.21102797767968254
[1 1 0 0 1 0 1 0 0 0 0 0 0 1 0 1 1 1 1 0 0 0 0 0 1 0 0 0 1 0]
特征数:7.0 通道数:10.0 准确率:0.9148717948717948 准确率标准差:0.17025641025641028
[0 1 0 1 1 0 1 1 0 0 1 1 0 0 1 1 1 1 0 1 1 0 0 0 1 1 1 1 0 0]
特征数:4.0 通道数:6.0 准确率:0.8307692307692308 准确率标准差:0.15233445331678624
[1 0 1 0 0 0 1 0 0 0 0 0 1 0 1 1 0 0 0 1 0 0 0 0 0 1 0 1 0 1]
特征数:7.0 通道数:9.0 准确率:0.9241025641025642 准确率标准差:0.1517948717948718
[0 1 0 0 1 1 1 1 1 0 0 0 0 1 0 0 0 0 1 1 1 1 1 1 1 0 1 1 0 0]
特征数:4.0 通道数:6.0 准确率:0.8307692307692308 准确率标准差:0.15233445331678624
[1 0 1 0 0 0 1 0 0 0 0 0 1 0 1 1 0 0 0 1 0 0 0 0 0 1 0 1 0 1]
特征数:4.0 通道数:8.0 准确率:0.7435897435897436 准确率标准差:0.3041159680532799
[0 0 1 0 0 0 0 0 0 1 1 1 0 0 1 1 0 0 1 0 0 1 0 0 1 1 1 0 1 0]
特征数:4.0 通道数:8.0 准确率:0.9353846153846154 准确率标准差:0.12416612061884354
[1 0 0 1 0 0 0 0 0 0 0 0 1 1 1 0 1 1 1 1 0 0 1 0 0 0 0 1 1 0]
特征数:4.0 通道数:8.0 准确率:0.9353846153846154 准确率标准差:0.12416612061884354
[1 0 0 1 0 0 0 0 0 0 0 0 1 1 1 0 1 1 1 1 0 0 1 0 0 0 0 1 1 0]
特征数:9.0 通道数:8.0 准确率:0.9107692307692308 准确率标准差:0.15640941571863182
[1 0 1 1 0 1 1 1 0 0 1 1 0 1 0 0 0 1 1 1 1 0 1 0 1 0 1 1 0 0]
特征数:5.0 通道数:8.0 准确率:0.6964102564102564 准确率标准差:0.32124674944696835
[1 0 0 0 0 0 0 0 1 0 1 1 1 0 0 0 1 1 1 0 1 1 0 0 0 0 1 1 1 0]
特征数:7.0 通道数:11.0 准确率:0.9589743589743589 准确率标准差:0.08205128205128207
[1 1 0 1 1 0 1 0 1 0 1 0 0 0 1 1 1 0 0 1 1 1 1 1 1 1 1 0 0 0]
特征数:5.0 通道数:6.0 准确率:0.9661538461538461 准确率标准差:0.052857840930154346
[1 1 0 1 0 0 1 0 0 1 0 0 0 0 1 0 0 0 0 1 0 1 1 0 1 0 0 0 0 1]
特征数:4.0 通道数:8.0 准确率:0.9353846153846154 准确率标准差:0.12416612061884354
[1 0 0 1 0 0 0 0 0 0 0 0 1 1 1 0 1 1 1 1 0 0 1 0 0 0 0 1 1 0]
特征数:4.0 通道数:7.0 准确率:0.9723076923076923 准确率标准差:0.05285784093015435
[0 1 0 1 1 0 0 0 1 0 0 0 0 0 1 0 0 1 0 1 0 1 1 1 0 0 0 0 1 0]
特征数:7.0 通道数:9.0 准确率:0.9774358974358974 准确率标准差:0.04512820512820514
[0 1 0 1 1 1 1 1 0 0 0 1 0 0 1 0 0 1 1 0 1 1 0 1 0 1 0 0 1 1]
特征数:7.0 通道数:10.0 准确率:0.9682051282051283 准确率标准差:0.06358974358974358
[0 0 1 1 1 1 0 1 0 1 1 0 0 0 0 1 1 0 0 1 1 1 1 0 1 1 1 0 0 1]
特征数:6.0 通道数:11.0 准确率:0.9743589743589742 准确率标准差:0.05128205128205128
[0 1 0 1 0 0 0 0 0 1 1 1 1 0 1 0 1 0 0 1 1 1 1 0 1 1 1 1 0 1]
特征数:5.0 通道数:7.0 准确率:0.76 准确率标准差:0.29347316014670866
[0 1 0 0 1 1 0 0 0 0 1 1 0 0 0 1 0 0 1 0 0 0 0 0 1 1 1 1 0 1]
特征数:5.0 通道数:7.0 准确率:0.7979487179487179 准确率标准差:0.16982336029390116
[0 1 0 0 1 0 1 1 0 0 0 1 0 0 1 1 0 0 0 1 1 1 0 0 0 0 0 1 0 1]
特征数:5.0 通道数:7.0 准确率:0.7979487179487179 准确率标准差:0.16982336029390116
[0 1 0 0 1 0 1 1 0 0 0 1 0 0 1 1 0 0 0 1 1 1 0 0 0 0 0 1 0 1]
特征数:6.0 通道数:6.0 准确率:0.9528205128205127 准确率标准差:0.08687124996045005
[1 1 1 1 0 0 0 0 0 1 0 0 0 1 0 0 0 0 1 1 0 1 1 0 0 1 0 0 1 0]
特征数:5.0 通道数:7.0 准确率:0.76 准确率标准差:0.29347316014670866
[0 1 0 0 1 1 0 0 0 0 1 1 0 0 0 1 0 0 1 0 0 0 0 0 1 1 1 1 0 1]
特征数:8.0 通道数:11.0 准确率:0.9517948717948717 准确率标准差:0.09641025641025643
[1 1 1 0 0 1 0 1 1 0 0 0 1 1 1 1 0 1 1 1 0 1 1 0 1 1 0 1 0 1]
特征数:8.0 通道数:9.0 准确率:0.9220512820512821 准确率标准差:0.15589743589743588
[0 1 1 1 1 0 1 0 0 0 1 1 0 1 0 1 1 1 0 1 0 0 1 0 1 1 1 1 0 0]
特征数:6.0 通道数:6.0 准确率:0.8728205128205129 准确率标准差:0.21794328801682442
[1 0 0 1 0 0 0 1 0 0 0 1 1 1 1 1 1 1 0 0 1 0 1 0 0 0 0 0 0 0]
特征数:7.0 通道数:8.0 准确率:0.9312820512820512 准确率标准差:0.10527694293625717
[0 0 0 1 0 1 1 0 1 0 1 0 1 1 0 1 1 1 1 1 1 0 0 0 0 0 1 0 0 1]
特征数:6.0 通道数:7.0 准确率:0.7774358974358975 准确率标准差:0.2832440977936014
[0 0 0 0 1 1 0 0 1 0 1 1 1 0 1 0 0 0 0 1 0 1 1 1 1 0 0 1 0 0]
特征数:5.0 通道数:8.0 准确率:0.8625641025641025 准确率标准差:0.17774687436857362
[0 0 0 0 1 1 1 0 0 0 1 0 0 1 0 1 0 0 1 0 1 0 1 0 0 1 1 1 0 1]
特征数:6.0 通道数:7.0 准确率:0.9435897435897436 准确率标准差:0.1077655428641124
[1 0 1 1 0 1 0 0 0 0 1 0 0 1 0 0 1 0 1 1 1 1 1 0 0 1 0 0 0 0]
特征数:6.0 通道数:7.0 准确率:0.8276923076923077 准确率标准差:0.23810781595405253
[1 0 0 0 1 0 0 1 0 0 1 0 1 1 0 0 0 1 0 1 0 1 0 1 1 0 0 1 0 1]
特征数:7.0 通道数:8.0 准确率:0.9825641025641025 准确率标准差:0.034871794871794884
[1 0 1 1 1 0 1 0 1 1 0 0 0 0 1 1 0 0 0 0 0 1 1 0 1 0 1 0 1 1]
特征数:8.0 通道数:6.0 准确率:0.9005128205128203 准确率标准差:0.12271742368119815
[1 1 0 1 1 0 1 1 1 0 0 0 1 0 0 1 0 0 1 1 0 1 0 0 1 0 1 0 0 0]
特征数:9.0 通道数:9.0 准确率:0.9323076923076923 准确率标准差:0.13538461538461538
[1 1 0 0 1 1 1 1 1 0 1 0 1 0 0 1 0 0 1 1 0 1 1 0 0 1 0 1 1 1]
特征数:10.0 通道数:8.0 准确率:0.8994871794871795 准确率标准差:0.18121077190037152
[1 1 0 0 1 0 1 1 1 1 0 1 1 1 0 1 0 0 1 1 0 0 1 0 1 1 0 1 1 0]
特征数:11.0 通道数:10.0 准确率:0.9384615384615385 准确率标准差:0.12307692307692308
[1 1 1 1 1 1 0 1 1 0 1 1 0 1 1 1 0 0 1 1 0 0 1 1 1 1 0 1 1 0]
特征数:5.0 通道数:6.0 准确率:0.7292307692307691 准确率标准差:0.2930786055540912
[0 1 0 1 1 0 1 0 0 0 0 1 0 0 0 1 1 1 0 1 0 0 0 1 0 0 0 1 0 0]
特征数:5.0 通道数:6.0 准确率:0.7292307692307691 准确率标准差:0.2930786055540912
[0 1 0 1 1 0 1 0 0 0 0 1 0 0 0 1 1 1 0 1 0 0 0 1 0 0 0 1 0 0]
特征数:6.0 通道数:10.0 准确率:0.8533333333333333 准确率标准差:0.16347958673614707
[0 0 1 0 0 1 1 1 0 0 1 1 0 0 1 1 0 1 1 1 1 1 0 0 0 0 1 0 1 1]
特征数:4.0 通道数:9.0 准确率:0.8317948717948718 准确率标准差:0.1551195166034732
[0 0 1 0 0 0 0 0 1 0 0 1 1 0 1 0 1 1 0 1 1 1 0 0 0 1 0 1 1 0]
特征数:4.0 通道数:10.0 准确率:0.76 准确率标准差:0.26121448007764686
[0 0 0 0 0 1 0 0 0 0 1 1 1 0 0 0 0 1 1 1 0 1 1 1 0 1 0 1 1 1]
特征数:6.0 通道数:8.0 准确率:0.9230769230769231 准确率标准差:0.15384615384615383
[1 1 1 0 0 0 0 0 0 1 1 1 0 0 1 0 0 0 0 1 1 0 0 1 0 0 1 1 1 1]
特征数:5.0 通道数:6.0 准确率:0.7292307692307691 准确率标准差:0.2930786055540912
[0 1 0 1 1 0 1 0 0 0 0 1 0 0 0 1 1 1 0 1 0 0 0 1 0 0 0 1 0 0]
特征数:5.0 通道数:12.0 准确率:0.921025641025641 准确率标准差:0.09781841245182658
[0 0 1 0 1 0 0 1 0 1 0 1 0 0 1 1 1 1 0 0 1 1 0 1 1 1 1 1 0 1]
特征数:8.0 通道数:12.0 准确率:0.9333333333333333 准确率标准差:0.1257822335733817
[1 1 1 0 0 1 0 0 1 1 1 1 0 0 1 0 1 0 1 0 1 1 0 1 1 1 1 1 1 1]
特征数:7.0 通道数:8.0 准确率:0.9753846153846153 准确率标准差:0.04923076923076923
[0 0 0 1 1 1 0 1 0 0 1 1 0 1 0 1 1 0 0 0 0 1 1 1 0 1 1 0 1 0]
特征数:7.0 通道数:10.0 准确率:0.9692307692307691 准确率标准差:0.06153846153846154
[0 1 1 1 0 0 1 0 0 0 0 1 1 1 1 1 1 0 0 1 1 1 0 1 0 1 1 0 0 1]
特征数:6.0 通道数:9.0 准确率:0.9671794871794872 准确率标准差:0.06564102564102563
[1 0 0 1 0 1 0 0 0 1 1 0 1 0 0 1 1 1 0 1 0 0 1 1 1 0 1 0 0 1]
特征数:5.0 通道数:6.0 准确率:0.7292307692307691 准确率标准差:0.2930786055540912
[0 1 0 1 1 0 1 0 0 0 0 1 0 0 0 1 1 1 0 1 0 0 0 1 0 0 0 1 0 0]
特征数:10.0 通道数:8.0 准确率:0.8400000000000001 准确率标准差:0.19328367722510043
[1 1 0 0 1 1 1 1 0 1 0 1 1 1 0 0 1 0 0 0 1 0 0 0 1 1 1 1 1 1]
特征数:8.0 通道数:6.0 准确率:0.8194871794871794 准确率标准差:0.3145793346533224
[0 0 1 1 1 0 0 1 1 1 0 0 1 1 0 1 0 1 1 0 0 1 0 1 0 0 0 0 0 1]
特征数:9.0 通道数:10.0 准确率:0.9241025641025642 准确率标准差:0.1517948717948718
[1 1 1 0 1 0 0 1 1 0 1 1 1 0 0 1 0 1 1 1 1 0 1 0 1 1 1 0 0 1]
特征数:7.0 通道数:7.0 准确率:0.8553846153846154 准确率标准差:0.1716961063207514
[0 1 1 0 0 1 0 1 1 0 1 0 0 1 0 0 0 0 0 1 1 1 0 1 0 1 0 1 0 1]
特征数:11.0 通道数:6.0 准确率:0.8851282051282052 准确率标准差:0.219630913876089
[1 1 1 1 1 1 1 1 0 1 0 1 0 1 1 1 0 0 1 0 0 0 0 1 1 1 0 0 0 0]
特征数:10.0 通道数:8.0 准确率:0.913846153846154 准确率标准差:0.15450797817222633
[1 1 1 0 1 0 1 1 0 0 1 1 1 1 1 0 1 1 0 1 0 0 0 0 1 1 1 1 0 0]
特征数:10.0 通道数:9.0 准确率:0.9097435897435897 准确率标准差:0.11096848176294556
[1 1 1 1 0 1 0 1 1 1 0 0 1 1 0 1 1 0 1 1 0 1 0 1 0 1 1 1 0 0]
特征数:6.0 通道数:10.0 准确率:0.7917948717948718 准确率标准差:0.2673285670998139
[0 0 1 0 1 1 0 1 1 0 0 1 0 0 1 1 1 1 1 1 0 0 0 1 0 0 1 1 0 1]
特征数:6.0 通道数:7.0 准确率:0.9323076923076923 准确率标准差:0.0961808509087194
[1 0 0 1 0 1 0 0 0 0 1 1 0 1 0 0 1 0 0 1 1 1 0 0 0 1 0 0 1 1]
特征数:4.0 通道数:11.0 准确率:0.764102564102564 准确率标准差:0.23209873434641368
[0 1 0 0 0 1 0 0 1 0 0 1 0 0 0 1 1 1 0 1 1 0 1 0 1 0 1 1 1 1]
特征数:7.0 通道数:7.0 准确率:0.9507692307692308 准确率标准差:0.07747494345854873
[0 1 0 1 1 0 1 0 0 1 0 1 1 0 0 0 0 1 0 0 1 1 1 0 1 0 0 1 1 0]
特征数:4.0 通道数:6.0 准确率:0.5312820512820513 准确率标准差:0.31147419406753385
[1 0 0 0 0 0 0 1 0 1 1 0 0 0 1 0 1 1 0 0 1 0 1 0 1 0 0 0 0 0]
特征数:10.0 通道数:7.0 准确率:0.921025641025641 准确率标准差:0.13157019660163755
[0 0 1 0 1 1 1 1 1 1 1 1 0 1 0 0 1 1 0 0 0 0 1 1 1 0 1 0 0 1]
特征数:7.0 通道数:9.0 准确率:0.9466666666666665 准确率标准差:0.10666666666666669
[1 1 0 1 0 0 1 1 1 0 0 0 1 0 1 1 1 0 0 0 1 1 0 0 1 1 1 1 0 0]
特征数:6.0 通道数:7.0 准确率:0.9046153846153846 准确率标准差:0.12717948717948718
[0 1 0 0 0 1 1 0 0 1 0 1 1 0 1 0 1 1 0 0 0 1 1 1 1 0 0 0 0 0]
特征数:5.0 通道数:7.0 准确率:0.8953846153846154 准确率标准差:0.20923076923076922
[1 1 0 0 1 0 0 0 0 0 0 0 1 1 1 1 0 1 1 0 0 0 0 0 1 1 0 0 1 0]
特征数:5.0 通道数:8.0 准确率:0.8646153846153846 准确率标准差:0.22317062576676217
[1 0 0 0 1 0 0 0 0 0 0 1 1 1 0 1 1 1 0 0 1 0 1 1 1 0 0 0 1 0]
特征数:7.0 通道数:12.0 准确率:0.9589743589743589 准确率标准差:0.08205128205128207
[0 1 0 1 0 0 0 1 1 0 1 1 0 1 1 0 1 1 1 1 0 1 1 1 0 1 1 1 1 0]
特征数:8.0 通道数:7.0 准确率:0.9466666666666665 准确率标准差:0.09915355108600576
[1 0 0 1 1 1 1 0 1 1 0 0 0 1 0 0 0 0 1 1 1 1 1 0 0 0 0 1 1 0]
特征数:4.0 通道数:7.0 准确率:0.9723076923076923 准确率标准差:0.05285784093015435
[0 1 0 1 1 0 0 0 1 0 0 0 0 0 1 0 0 1 0 1 0 1 1 1 0 0 0 0 1 0]
特征数:8.0 通道数:9.0 准确率:0.9025641025641025 准确率标准差:0.1948717948717949
[1 0 1 0 1 1 1 0 0 0 1 1 1 0 1 0 1 1 1 1 1 0 1 1 0 0 0 1 0 0]
特征数:5.0 通道数:11.0 准确率:0.884102564102564 准确率标准差:0.12914934349700263
[0 0 1 0 0 0 0 0 0 1 1 1 1 0 0 0 1 1 1 1 0 0 1 0 1 1 1 1 1 1]
特征数:7.0 通道数:7.0 准确率:0.9158974358974359 准确率标准差:0.16312529519648036
[0 0 1 0 0 1 1 1 0 1 0 1 1 0 0 0 0 1 0 0 1 1 1 1 0 0 1 0 1 0]
特征数:8.0 通道数:10.0 准确率:0.9558974358974359 准确率标准差:0.08820512820512819
[1 1 1 0 1 1 1 1 0 0 1 0 0 0 1 0 1 1 0 0 1 1 1 1 1 1 0 0 0 1]
特征数:5.0 通道数:8.0 准确率:0.9220512820512821 准确率标准差:0.09596185961613184
[1 0 0 1 0 0 0 1 0 1 1 0 0 0 1 1 0 0 0 1 0 0 1 1 1 0 0 1 0 1]
特征数:7.0 通道数:6.0 准确率:0.9302564102564101 准确率标准差:0.11556566991592432
[1 1 0 0 1 0 1 0 1 1 0 0 1 0 0 0 0 0 1 0 0 0 1 1 1 0 0 0 1 1]
特征数:6.0 通道数:7.0 准确率:0.924102564102564 准确率标准差:0.12770775315916622
[0 0 0 0 1 0 0 1 1 0 1 0 1 1 1 0 1 0 1 0 0 1 1 0 0 0 0 1 1 0]
特征数:6.0 通道数:8.0 准确率:0.7528205128205129 准确率标准差:0.24936790571309897
[0 0 0 0 1 1 0 1 0 1 0 1 1 0 1 1 1 1 0 1 0 0 0 0 0 1 0 1 0 1]
特征数:9.0 通道数:9.0 准确率:0.9292307692307693 准确率标准差:0.1415384615384615
[1 1 0 0 0 0 1 0 1 1 1 1 1 1 1 0 1 0 0 0 1 1 1 1 1 1 0 0 0 1]
特征数:6.0 通道数:8.0 准确率:0.8246153846153846 准确率标准差:0.19796200300842706
[0 0 1 0 0 1 0 1 1 0 0 1 1 0 1 0 0 1 1 0 1 0 0 1 1 0 1 1 0 0]
特征数:5.0 通道数:7.0 准确率:0.8082051282051284 准确率标准差:0.19488798853093992
[1 0 0 0 1 0 1 0 0 1 0 1 0 0 1 0 0 0 0 1 1 0 0 1 1 1 0 1 0 0]
特征数:6.0 通道数:9.0 准确率:0.9005128205128206 准确率标准差:0.16543052433768987
[0 0 1 0 1 1 0 0 0 1 1 0 0 1 1 1 0 1 0 0 1 0 1 0 1 0 0 1 1 1]
特征数:7.0 通道数:7.0 准确率:0.9528205128205127 准确率标准差:0.06208306030942178
[0 0 1 1 1 0 1 0 0 1 0 1 0 1 1 1 1 0 0 1 0 0 0 0 0 0 0 1 1 1]
特征数:13.0 通道数:9.0 准确率:0.9733333333333334 准确率标准差:0.05333333333333332
[1 1 1 1 1 1 0 1 1 1 1 1 1 1 1 1 1 0 1 0 1 1 0 1 0 0 0 1 0 1]
特征数:4.0 通道数:9.0 准确率:0.872820512820513 准确率标准差:0.18103072557688332
[1 1 1 0 0 0 0 0 0 0 0 1 0 0 1 1 1 0 0 1 1 0 0 1 0 0 0 1 1 1]
特征数:7.0 通道数:8.0 准确率:0.9241025641025642 准确率标准差:0.14924398566904679
[1 0 1 0 0 1 0 1 0 0 1 1 0 1 1 0 0 1 0 0 0 0 1 1 1 1 1 0 0 1]
特征数:7.0 通道数:9.0 准确率:0.9487179487179487 准确率标准差:0.10256410256410255
[1 1 1 0 1 1 0 1 0 1 0 0 0 0 1 0 0 0 1 0 0 0 1 1 1 0 1 1 1 1]
特征数:8.0 通道数:8.0 准确率:0.9774358974358974 准确率标准差:0.04512820512820514
[0 1 1 1 1 1 0 0 0 1 0 0 1 1 0 0 1 0 1 0 0 1 0 1 0 1 0 1 1 1]
特征数:6.0 通道数:12.0 准确率:0.9405128205128204 准确率标准差:0.11897435897435898
[1 1 1 1 0 0 0 1 0 0 0 0 0 1 1 0 1 1 0 1 1 0 1 1 1 1 1 1 1 0]
特征数:7.0 通道数:7.0 准确率:0.9035897435897435 准确率标准差:0.1509609804551721
[1 1 1 0 1 0 0 1 1 0 0 1 0 0 1 0 0 0 0 0 1 0 1 1 1 0 0 0 1 1]
特征数:6.0 通道数:9.0 准确率:0.9302564102564101 准确率标准差:0.13948717948717948
[1 0 0 0 0 0 1 1 0 1 0 0 1 1 0 1 0 0 1 0 0 1 1 1 1 0 1 1 0 1]
特征数:8.0 通道数:9.0 准确率:0.8984615384615384 准确率标准差:0.20307692307692307
[1 1 1 0 0 1 1 0 1 0 1 0 0 1 1 0 0 1 1 1 1 0 1 1 0 1 1 0 0 0]
特征数:5.0 通道数:7.0 准确率:0.8912820512820514 准确率标准差:0.18787436875539987
[1 0 1 0 0 0 1 0 1 0 0 0 0 1 1 0 0 1 0 1 1 0 0 0 0 1 1 1 0 0]
特征数:5.0 通道数:6.0 准确率:0.7025641025641025 准确率标准差:0.27067986093121327
[1 1 0 0 0 0 0 0 0 1 1 0 1 0 0 0 0 0 1 1 0 1 0 0 0 1 1 0 0 1]
特征数:9.0 通道数:8.0 准确率:0.9733333333333334 准确率标准差:0.05333333333333332
[0 0 1 1 0 0 1 1 1 1 1 1 0 1 1 1 0 1 0 1 0 1 0 0 1 0 1 0 0 1]
特征数:7.0 通道数:9.0 准确率:0.9456410256410257 准确率标准差:0.10871794871794874
[1 0 0 1 0 0 1 1 0 1 1 0 1 0 0 1 1 1 1 1 1 1 0 0 0 1 0 0 1 0]
特征数:9.0 通道数:7.0 准确率:0.9312820512820512 准确率标准差:0.13743589743589746
[1 1 0 0 1 1 1 0 0 1 1 1 1 0 0 0 0 1 0 1 1 1 1 1 0 0 1 0 0 0]
特征数:8.0 通道数:8.0 准确率:0.9128205128205129 准确率标准差:0.17435897435897435
[1 1 0 0 1 1 0 1 1 0 0 0 1 1 1 1 0 1 0 0 1 0 0 1 1 0 0 1 0 1]
特征数:7.0 通道数:8.0 准确率:0.8461538461538463 准确率标准差:0.2026517175011851
[1 0 0 0 1 0 1 1 0 1 0 0 1 1 0 0 0 1 0 1 0 1 0 1 1 1 0 1 0 1]
特征数:5.0 通道数:8.0 准确率:0.9425641025641025 准确率标准差:0.10019835685595743
[0 0 0 0 1 0 0 1 0 0 1 0 1 1 1 0 0 0 1 1 0 1 0 1 1 0 0 1 0 1]
特征数:7.0 通道数:8.0 准确率:0.7958974358974359 准确率标准差:0.2192666037589796
[0 1 0 0 0 1 0 1 1 1 1 0 1 0 1 1 0 0 1 1 0 0 0 0 0 1 1 1 0 1]
特征数:5.0 通道数:11.0 准确率:0.9456410256410257 准确率标准差:0.10871794871794874
[0 1 1 0 1 0 1 0 1 0 0 0 0 0 1 0 1 1 1 0 1 1 1 1 1 1 1 0 0 0]
特征数:6.0 通道数:7.0 准确率:0.8512820512820514 准确率标准差:0.1865144490668662
[1 0 1 0 0 1 0 1 0 1 1 0 0 0 1 0 0 0 0 1 0 1 0 1 0 0 1 1 0 1]
特征数:8.0 通道数:7.0 准确率:0.8943589743589744 准确率标准差:0.19350668960468007
[0 0 0 0 1 1 0 1 0 1 1 1 1 1 1 1 1 0 0 1 1 0 0 0 0 0 0 0 1 1]
特征数:7.0 通道数:9.0 准确率:0.9148717948717949 准确率标准差:0.16517597652674784
[0 0 0 0 1 1 0 0 1 1 0 1 1 1 1 0 0 0 1 0 1 0 1 1 1 1 0 1 0 1]
特征数:9.0 通道数:9.0 准确率:0.8943589743589744 准确率标准差:0.1346522538032928
[1 1 0 1 0 0 1 0 1 0 1 1 1 1 0 1 1 1 1 1 0 0 0 1 0 1 1 0 0 1]
特征数:6.0 通道数:11.0 准确率:0.9743589743589742 准确率标准差:0.05128205128205128
[1 0 1 1 0 0 0 0 0 1 1 0 0 1 1 0 1 0 1 1 0 1 0 1 1 1 1 1 0 1]
特征数:8.0 通道数:9.0 准确率:0.9794871794871796 准确率标准差:0.04102564102564102
[0 1 0 1 1 0 1 1 1 1 0 0 1 0 1 1 1 0 1 0 0 1 0 1 1 0 1 0 0 1]
特征数:7.0 通道数:12.0 准确率:0.9517948717948717 准确率标准差:0.09641025641025643
[1 0 0 1 0 1 0 1 0 1 0 0 1 1 1 0 1 0 1 1 1 1 0 1 1 1 1 1 1 0]
特征数:5.0 通道数:8.0 准确率:0.9056410256410257 准确率标准差:0.186164441317469
[0 1 1 0 0 0 0 0 0 1 1 1 0 0 1 1 0 0 0 0 1 0 0 0 0 1 1 1 1 1]
特征数:11.0 通道数:8.0 准确率:0.9158974358974359 准确率标准差:0.16820512820512817
[0 0 1 1 1 1 1 1 1 1 1 0 1 1 1 1 0 1 1 0 1 0 0 0 1 0 1 1 0 0]
特征数:8.0 通道数:7.0 准确率:0.9651282051282051 准确率标准差:0.06974358974358977
[1 1 1 1 0 1 0 1 0 1 0 0 1 0 0 0 1 0 1 0 0 1 1 1 0 0 1 1 0 0]
特征数:10.0 通道数:10.0 准确率:0.9671794871794872 准确率标准差:0.06564102564102563
[1 1 1 1 1 1 1 1 0 1 0 0 1 0 0 1 1 1 0 1 0 0 1 1 1 0 1 0 1 1]
特征数:4.0 通道数:7.0 准确率:0.9723076923076923 准确率标准差:0.05285784093015435
[0 1 0 1 1 0 0 0 1 0 0 0 0 0 1 0 0 1 0 1 0 1 1 1 0 0 0 0 1 0]
特征数:7.0 通道数:8.0 准确率:0.9353846153846153 准确率标准差:0.1292307692307692
[0 1 1 0 0 1 0 1 0 1 0 0 1 1 0 1 0 1 1 0 0 1 1 0 0 1 1 1 0 0]
特征数:10.0 通道数:11.0 准确率:0.9692307692307691 准确率标准差:0.06153846153846154
[1 1 1 0 1 0 0 1 1 0 1 1 1 1 1 1 1 1 1 0 0 1 1 1 0 0 1 1 0 1]
特征数:6.0 通道数:7.0 准确率:0.9466666666666665 准确率标准差:0.08342440782630874
[0 0 0 1 0 0 1 1 1 0 1 0 0 1 0 1 1 0 0 0 1 1 0 0 1 0 0 1 1 0]
特征数:6.0 通道数:6.0 准确率:0.5702564102564103 准确率标准差:0.3264278803629341
[0 1 0 0 0 0 0 1 1 1 1 1 0 0 1 0 1 1 0 0 0 0 0 1 0 1 0 0 1 0]
特征数:8.0 通道数:6.0 准确率:0.9528205128205127 准确率标准差:0.08687124996045005
[0 1 0 1 1 1 0 0 1 1 1 0 1 0 0 1 0 1 0 0 1 0 0 0 1 0 1 0 0 1]
特征数:8.0 通道数:8.0 准确率:0.9476923076923076 准确率标准差:0.07108809620990138
[0 0 1 1 0 1 1 1 0 1 0 1 0 1 0 0 1 0 0 0 1 0 0 1 1 1 1 1 0 1]
特征数:9.0 通道数:8.0 准确率:0.9241025641025642 准确率标准差:0.1517948717948718
[1 0 1 1 1 1 0 0 1 1 1 0 1 0 1 1 1 0 1 0 0 0 0 1 1 0 1 1 0 0]
特征数:10.0 通道数:11.0 准确率:0.9517948717948719 准确率标准差:0.07754280275460838
[0 0 1 1 0 1 0 1 1 1 1 1 1 1 0 1 1 1 1 1 1 0 0 1 0 1 1 1 0 1]
特征数:7.0 通道数:10.0 准确率:0.795897435897436 准确率标准差:0.16481894914133882
[0 0 1 0 0 1 1 0 1 1 1 1 0 0 1 0 1 1 0 1 0 1 1 0 1 1 1 1 0 0]
特征数:6.0 通道数:9.0 准确率:0.9312820512820512 准确率标准差:0.09487040886028454
[1 0 1 0 1 0 0 1 0 0 1 1 0 0 0 1 1 1 0 1 0 1 1 1 1 0 0 1 0 0]
特征数:10.0 通道数:7.0 准确率:0.9446153846153846 准确率标准差:0.11076923076923077
[1 0 0 1 1 0 1 1 1 1 0 1 1 1 1 0 1 1 1 0 1 0 0 0 0 0 0 0 1 1]
特征数:7.0 通道数:11.0 准确率:0.8902564102564103 准确率标准差:0.17822560295586304
[0 0 0 0 1 1 1 1 1 0 1 1 0 0 1 0 1 0 1 0 1 0 1 1 0 1 1 1 1 1]
特征数:8.0 通道数:7.0 准确率:0.9282051282051282 准确率标准差:0.14358974358974358
[1 0 1 0 0 1 1 1 0 0 1 0 1 1 0 1 0 0 1 0 0 1 1 0 1 1 1 0 0 0]
特征数:6.0 通道数:7.0 准确率:0.6020512820512821 准确率标准差:0.35186513464437447
[0 0 0 0 1 1 0 1 1 1 1 0 0 0 0 0 0 1 1 0 0 0 0 1 1 1 0 1 1 0]
特征数:5.0 通道数:6.0 准确率:0.6861538461538461 准确率标准差:0.21529668534813418
[1 0 1 0 0 0 0 1 1 0 0 1 0 0 0 1 1 1 0 0 0 0 1 0 0 1 0 0 0 1]
特征数:6.0 通道数:8.0 准确率:0.9435897435897436 准确率标准差:0.08179446989693083
[0 1 0 1 1 1 1 0 0 0 0 0 0 1 0 0 1 1 1 0 1 0 0 1 0 0 1 1 0 1]
特征数:5.0 通道数:8.0 准确率:0.5805128205128205 准确率标准差:0.37000488651108054
[0 0 0 0 0 1 0 1 1 0 1 0 0 1 0 0 1 1 1 0 0 1 0 1 0 0 1 1 1 0]
特征数:9.0 通道数:6.0 准确率:0.8092307692307693 准确率标准差:0.2044707412410603
[1 1 1 0 1 0 1 1 0 1 0 1 0 1 0 1 1 1 0 0 0 0 0 1 0 1 0 0 1 0]
特征数:7.0 通道数:9.0 准确率:0.8943589743589744 准确率标准差:0.2112820512820513
[0 0 1 0 0 1 0 0 1 1 1 0 1 1 1 1 0 0 1 1 1 0 0 1 1 0 1 0 1 0]
特征数:8.0 通道数:7.0 准确率:0.9343589743589743 准确率标准差:0.12617469079405613
[1 0 1 0 1 1 0 1 1 0 1 1 0 0 0 1 0 0 1 0 0 0 1 1 0 0 1 0 1 1]
特征数:7.0 通道数:8.0 准确率:0.8666666666666667 准确率标准差:0.19053197267158317
[1 0 1 0 0 1 0 0 1 1 0 0 1 1 0 0 1 1 1 1 1 0 0 1 0 0 1 0 1 0]
特征数:6.0 通道数:10.0 准确率:0.9487179487179487 准确率标准差:0.10256410256410255
[0 1 0 0 1 0 0 0 1 0 1 1 1 0 0 0 1 1 0 1 1 1 1 1 0 0 1 1 0 1]
特征数:8.0 通道数:9.0 准确率:0.9764102564102564 准确率标准差:0.04717948717948719
[0 0 1 1 1 1 0 0 0 1 0 1 1 1 1 0 1 0 1 1 0 0 1 1 0 1 0 0 1 1]
特征数:7.0 通道数:8.0 准确率:0.9271794871794872 准确率标准差:0.14564102564102566
[0 0 1 1 1 1 0 0 1 0 0 1 0 1 0 1 0 0 0 1 1 0 1 1 1 1 0 0 1 0]
特征数:8.0 通道数:6.0 准确率:0.9651282051282052 准确率标准差:0.06473736959203896
[0 1 1 1 1 1 0 0 0 0 1 1 0 1 0 0 0 1 1 0 0 0 1 0 1 0 0 0 1 1]
特征数:4.0 通道数:7.0 准确率:0.7702564102564102 准确率标准差:0.26087195112726114
[0 0 1 0 0 1 0 0 1 0 0 0 1 0 1 1 0 1 1 0 0 1 0 0 0 0 1 0 0 1]
特征数:5.0 通道数:9.0 准确率:0.9343589743589744 准确率标准差:0.12128611691564703
[0 0 1 1 1 0 0 0 1 0 1 0 0 0 1 0 1 1 1 1 0 0 1 0 0 1 0 1 1 0]
特征数:7.0 通道数:7.0 准确率:0.9651282051282051 准确率标准差:0.06974358974358977
[1 0 0 1 0 0 0 0 1 0 1 1 1 1 1 1 0 0 1 0 0 0 0 1 0 1 0 1 0 1]
特征数:7.0 通道数:6.0 准确率:0.9117948717948718 准确率标准差:0.1738574990625257
[1 1 0 0 1 1 1 0 1 0 0 0 0 1 0 1 1 0 0 0 0 1 1 0 0 0 1 0 1 0]
特征数:8.0 通道数:7.0 准确率:0.9128205128205129 准确率标准差:0.16184342398009743
[1 0 0 1 1 1 0 1 0 1 0 0 1 1 1 0 0 1 1 0 1 0 0 0 1 0 1 1 0 0]
特征数:4.0 通道数:7.0 准确率:0.9723076923076923 准确率标准差:0.05285784093015435
[0 1 0 1 1 0 0 0 1 0 0 0 0 0 1 0 0 1 0 1 0 1 1 1 0 0 0 0 1 0]
特征数:6.0 通道数:7.0 准确率:0.9128205128205128 准确率标准差:0.1407409714290415
[1 0 1 0 1 1 1 1 0 0 0 0 0 0 1 1 0 1 1 1 0 0 0 0 0 0 1 0 0 1]
特征数:7.0 通道数:9.0 准确率:0.9651282051282051 准确率标准差:0.06974358974358977
[0 1 0 1 1 0 1 1 0 0 0 1 0 1 1 1 0 0 0 0 1 0 1 0 1 1 1 0 1 1]
特征数:5.0 通道数:7.0 准确率:0.842051282051282 准确率标准差:0.1944232354357821
[0 1 1 0 1 1 1 0 0 0 0 0 0 0 0 1 0 1 1 0 1 1 0 1 0 0 0 0 0 1]
特征数:5.0 通道数:6.0 准确率:0.8830769230769231 准确率标准差:0.1713281068128911
[0 1 0 1 1 1 0 0 0 0 0 1 0 0 0 1 0 1 0 0 0 1 0 0 0 1 0 1 1 0]
特征数:7.0 通道数:8.0 准确率:0.9343589743589744 准确率标准差:0.1312820512820513
[0 1 1 1 1 1 1 0 0 0 0 1 0 0 0 0 1 0 1 0 1 0 1 1 1 0 0 1 1 0]
特征数:9.0 通道数:7.0 准确率:0.9466666666666665 准确率标准差:0.08342440782630874
[0 0 1 1 1 1 0 1 0 0 1 1 1 1 0 1 0 1 1 1 1 1 0 1 0 0 0 0 0 0]
特征数:6.0 通道数:12.0 准确率:0.9805128205128204 准确率标准差:0.03897435897435897
[0 0 0 1 0 1 0 0 1 0 0 1 1 1 1 1 1 1 0 0 1 1 1 1 1 1 1 0 0 1]
特征数:6.0 通道数:8.0 准确率:0.5938461538461539 准确率标准差:0.3490707114671865
[0 0 0 0 0 0 1 0 1 1 1 1 0 1 0 0 1 0 1 1 0 1 0 0 1 0 0 1 1 1]
特征数:5.0 通道数:7.0 准确率:0.9025641025641027 准确率标准差:0.15922230457702588
[0 0 0 1 1 0 1 0 0 0 1 1 0 0 0 0 0 1 0 0 1 0 1 0 1 1 1 1 0 0]
特征数:6.0 通道数:8.0 准确率:0.9302564102564104 准确率标准差:0.08523317593565838
[1 1 0 0 1 1 0 0 1 0 0 0 0 1 1 1 1 0 0 1 0 1 1 1 0 0 0 0 0 1]
特征数:8.0 通道数:9.0 准确率:0.9097435897435897 准确率标准差:0.14900414548416474
[1 1 1 0 0 1 0 1 1 0 0 0 1 1 0 0 1 1 1 1 1 1 0 1 0 1 1 0 0 0]
特征数:8.0 通道数:8.0 准确率:0.9712820512820513 准确率标准差:0.05743589743589745
[0 1 1 1 0 0 0 1 1 1 0 1 0 1 0 0 1 0 1 0 0 0 1 1 0 1 0 1 1 1]
特征数:8.0 通道数:6.0 准确率:0.8194871794871795 准确率标准差:0.16545595758010898
[1 0 0 0 1 1 0 1 1 0 0 1 1 1 1 0 0 0 0 1 0 1 0 0 1 0 0 1 1 0]
特征数:5.0 通道数:6.0 准确率:0.9189743589743589 准确率标准差:0.1424275309689432
[0 1 1 1 0 0 0 0 1 1 0 0 0 0 1 0 1 0 0 1 1 0 0 0 0 0 1 0 1 0]
特征数:8.0 通道数:8.0 准确率:0.9241025641025642 准确率标准差:0.1517948717948718
[0 1 1 0 1 1 0 1 1 1 1 0 0 0 0 1 1 0 0 0 1 1 1 0 0 1 0 0 1 1]
特征数:9.0 通道数:8.0 准确率:0.9517948717948717 准确率标准差:0.09641025641025643
[1 1 1 0 1 0 1 1 0 1 0 1 1 0 1 1 1 0 0 1 0 1 0 1 0 1 1 0 0 0]
特征数:8.0 通道数:7.0 准确率:0.9682051282051283 准确率标准差:0.06358974358974358
[1 0 1 1 1 0 1 0 0 1 0 0 1 1 0 1 0 1 0 1 0 1 1 0 0 1 0 0 1 0]
特征数:10.0 通道数:6.0 准确率:0.9394871794871795 准确率标准差:0.10865987805660741
[1 1 1 0 1 0 1 1 1 1 0 1 0 1 0 0 1 0 0 1 0 1 1 0 0 0 1 0 0 1]
特征数:6.0 通道数:12.0 准确率:0.9712820512820513 准确率标准差:0.05743589743589745
[0 0 0 1 1 0 0 1 1 0 0 1 1 0 1 0 1 1 0 1 1 0 1 1 1 0 1 1 1 1]
特征数:11.0 通道数:8.0 准确率:0.9661538461538461 准确率标准差:0.06769230769230768
[0 1 1 1 1 1 0 1 1 0 1 1 1 1 1 1 0 1 0 0 1 0 0 1 0 1 0 0 1 1]
特征数:8.0 通道数:8.0 准确率:0.8594871794871795 准确率标准差:0.22158593983170044
[1 0 0 0 0 1 1 1 0 1 1 1 0 1 1 1 0 1 0 1 0 0 1 0 1 0 0 0 1 1]
特征数:6.0 通道数:11.0 准确率:0.964102564102564 准确率标准差:0.0717948717948718
[1 1 0 1 0 1 0 0 0 0 1 0 0 1 1 1 0 1 1 1 1 0 1 0 1 1 0 0 1 1]
特征数:4.0 通道数:8.0 准确率:0.9035897435897435 准确率标准差:0.1928205128205128
[0 1 0 0 1 0 1 0 1 0 0 0 0 0 1 1 0 0 0 0 1 1 1 0 0 1 1 0 1 0]
特征数:8.0 通道数:8.0 准确率:0.9548717948717949 准确率标准差:0.09025641025641024
[1 1 0 1 0 1 1 1 0 0 0 0 1 1 1 1 0 0 1 0 1 0 1 0 1 0 0 1 0 1]
特征数:7.0 通道数:11.0 准确率:0.8994871794871795 准确率标准差:0.1610158416093838
[1 1 1 0 0 0 1 0 1 1 0 0 0 1 1 0 1 1 1 1 1 1 0 0 1 1 0 1 1 0]
特征数:9.0 通道数:12.0 准确率:0.9353846153846153 准确率标准差:0.1292307692307692
[1 1 1 0 0 1 1 0 0 1 0 1 1 1 1 1 1 1 1 1 1 1 0 1 0 1 0 0 1 1]
特征数:7.0 通道数:8.0 准确率:0.9282051282051282 准确率标准差:0.10554638528974718
[0 1 1 0 1 0 1 1 0 0 0 1 0 1 0 1 0 0 1 0 0 1 0 1 1 0 0 1 1 1]
特征数:6.0 通道数:9.0 准确率:0.8810256410256411 准确率标准差:0.20023391974563035
[1 0 0 0 1 0 0 0 1 1 1 1 0 0 1 0 0 1 1 1 1 0 0 0 1 1 0 1 1 0]
特征数:5.0 通道数:10.0 准确率:0.8923076923076924 准确率标准差:0.1729657762776024
[0 0 1 0 1 1 1 0 0 0 0 0 1 0 0 1 0 1 1 1 1 0 1 0 1 0 1 1 1 0]
特征数:7.0 通道数:11.0 准确率:0.9764102564102564 准确率标准差:0.04717948717948719
[0 0 1 1 0 0 1 1 1 0 1 0 0 1 1 0 1 0 1 1 1 1 1 1 0 0 0 1 1 1]
特征数:4.0 通道数:9.0 准确率:0.8871794871794874 准确率标准差:0.1736637724207716
[1 1 0 0 0 0 0 0 0 0 1 1 0 0 0 1 0 1 0 1 0 0 1 0 1 0 1 1 1 1]
特征数:9.0 通道数:7.0 准确率:0.9271794871794872 准确率标准差:0.14564102564102566
[0 1 1 1 1 0 0 1 1 0 0 1 1 1 1 1 1 0 1 0 0 0 0 0 1 1 0 0 1 0]
特征数:11.0 通道数:13.0 准确率:0.9805128205128204 准确率标准差:0.03897435897435897
[1 0 1 1 1 1 1 1 1 1 1 0 0 1 1 1 0 1 1 0 0 1 1 1 1 1 1 1 1 1]
特征数:7.0 通道数:11.0 准确率:0.964102564102564 准确率标准差:0.0717948717948718
[1 1 1 1 1 0 0 0 0 0 0 1 1 0 1 1 0 1 0 1 1 0 0 1 1 1 0 1 1 1]
特征数:6.0 通道数:8.0 准确率:0.9282051282051282 准确率标准差:0.14358974358974358
[0 1 1 1 1 0 0 0 0 0 1 0 0 1 1 0 1 0 1 1 0 0 1 1 0 1 0 0 1 0]
特征数:8.0 通道数:10.0 准确率:0.9764102564102564 准确率标准差:0.04717948717948719
[1 0 1 1 0 1 0 0 0 1 1 1 0 1 1 1 1 1 1 1 0 1 0 0 0 0 0 1 1 1]
特征数:10.0 通道数:9.0 准确率:0.9374358974358974 准确率标准差:0.12512820512820513
[0 0 1 1 1 1 1 0 1 0 1 1 1 1 1 1 1 0 0 0 1 0 1 0 0 1 1 1 1 0]
特征数:7.0 通道数:8.0 准确率:0.9630769230769229 准确率标准差:0.06408409990487508
[0 0 1 1 0 0 1 1 0 1 1 1 0 0 0 1 0 0 1 0 1 0 0 0 1 1 0 1 1 1]
特征数:7.0 通道数:8.0 准确率:0.9456410256410257 准确率标准差:0.10871794871794874
[0 0 0 1 0 0 1 0 1 1 0 1 1 1 1 1 0 1 1 1 1 1 0 0 0 1 0 0 0 0]
特征数:7.0 通道数:6.0 准确率:0.9015384615384614 准确率标准差:0.1842560605732907
[1 1 1 0 1 0 1 0 0 1 0 1 0 0 0 1 0 0 0 1 1 1 0 0 0 1 0 0 1 0]
特征数:5.0 通道数:7.0 准确率:0.9302564102564101 准确率标准差:0.08547965758364977
[0 1 1 1 0 0 0 0 0 0 0 1 1 0 0 1 0 1 0 1 1 0 0 1 0 1 0 0 0 1]
特征数:8.0 通道数:9.0 准确率:0.956923076923077 准确率标准差:0.08615384615384615
[0 1 1 1 0 1 1 0 0 1 0 1 1 0 0 1 1 1 0 0 1 1 0 1 1 1 1 0 0 0]
特征数:8.0 通道数:8.0 准确率:0.8071794871794871 准确率标准差:0.2032374397994281
[1 0 0 0 1 1 0 1 1 1 1 1 0 0 0 1 0 0 1 1 0 0 1 1 1 0 0 1 0 1]
特征数:10.0 通道数:11.0 准确率:0.9692307692307691 准确率标准差:0.06153846153846154
[0 0 1 1 1 1 1 1 0 0 1 1 1 1 0 0 1 1 1 1 0 1 1 1 1 1 0 1 1 0]
特征数:7.0 通道数:10.0 准确率:0.9056410256410257 准确率标准差:0.14324500741701743
[1 0 0 0 1 1 1 1 1 0 0 1 0 0 1 0 1 1 1 0 0 0 0 1 0 1 1 1 1 1]
特征数:9.0 通道数:9.0 准确率:0.8441025641025642 准确率标准差:0.16527147789914962
[0 0 1 0 0 1 1 1 1 1 1 1 1 0 0 1 0 0 1 0 1 0 0 1 1 0 1 1 1 1]
特征数:8.0 通道数:10.0 准确率:0.8912820512820512 准确率标准差:0.2098282068672064
[0 1 0 0 0 1 1 1 1 0 1 1 0 1 0 1 1 1 0 0 1 1 1 1 1 1 0 0 0 1]
特征数:7.0 通道数:11.0 准确率:0.9353846153846153 准确率标准差:0.1292307692307692
[0 1 0 0 1 0 1 1 0 1 1 0 0 1 1 1 1 1 0 1 0 1 1 1 0 1 0 1 1 0]
特征数:11.0 通道数:7.0 准确率:0.9199999999999999 准确率标准差:0.15242419786462566
[1 1 0 1 1 1 0 1 1 1 1 0 1 1 0 1 1 1 1 0 0 0 0 1 1 0 0 0 1 0]
特征数:9.0 通道数:8.0 准确率:0.917948717948718 准确率标准差:0.13987878663575234
[1 1 0 1 0 1 1 0 1 1 0 1 1 0 1 1 0 1 0 0 0 0 1 1 0 1 0 1 1 0]
特征数:7.0 通道数:6.0 准确率:0.9558974358974359 准确率标准差:0.08820512820512819
[0 1 1 1 0 1 0 0 1 1 1 0 0 0 0 1 0 1 0 0 1 1 1 0 0 0 0 1 0 0]
特征数:9.0 通道数:10.0 准确率:0.9805128205128204 准确率标准差:0.03897435897435897
[0 0 1 1 1 1 0 1 1 1 1 0 0 1 1 1 1 0 0 1 0 1 0 1 1 1 0 1 0 1]
特征数:7.0 通道数:8.0 准确率:0.8594871794871795 准确率标准差:0.17662479500824008
[0 0 0 0 1 1 1 0 1 1 0 1 0 1 1 0 0 1 0 1 1 0 0 1 0 1 0 1 0 1]
特征数:9.0 通道数:9.0 准确率:0.9435897435897436 准确率标准差:0.11282051282051282
[1 0 1 0 1 1 1 0 1 0 1 0 1 1 0 0 1 0 1 0 1 1 1 1 1 0 0 0 1 1]
特征数:6.0 通道数:7.0 准确率:0.8861538461538463 准确率标准差:0.15727461880392873
[1 1 1 0 0 0 1 1 0 1 0 0 0 0 0 1 0 0 0 0 0 0 1 1 1 1 0 1 0 1]
特征数:8.0 通道数:9.0 准确率:0.9835897435897436 准确率标准差:0.032820512820512834
[1 0 0 1 0 1 1 0 1 0 1 1 1 0 1 1 1 0 0 1 0 1 0 1 0 1 0 0 1 1]
特征数:6.0 通道数:7.0 准确率:0.8912820512820514 准确率标准差:0.14846663115130448
[0 1 0 0 1 0 1 0 1 0 0 1 0 1 0 1 0 0 1 0 0 0 1 0 1 0 1 1 0 1]
特征数:9.0 通道数:9.0 准确率:0.9292307692307693 准确率标准差:0.1415384615384615
[1 1 1 1 0 0 1 1 0 1 1 0 1 0 0 0 1 1 1 1 1 0 1 1 0 0 1 0 1 0]
特征数:7.0 通道数:9.0 准确率:0.9158974358974359 准确率标准差:0.1090078379945553
[1 0 0 1 1 0 0 0 0 1 1 0 1 1 0 1 1 1 1 0 0 0 0 1 1 1 0 1 0 1]
特征数:7.0 通道数:7.0 准确率:0.9405128205128204 准确率标准差:0.11897435897435898
[1 0 1 1 0 1 1 0 0 0 0 1 1 0 1 1 0 0 0 0 0 0 0 1 0 1 1 1 1 0]
特征数:6.0 通道数:10.0 准确率:0.9815384615384615 准确率标准差:0.036923076923076927
[0 0 0 1 1 0 0 1 1 0 1 0 0 1 1 1 0 1 0 0 1 1 1 1 1 0 1 0 0 1]
特征数:5.0 通道数:8.0 准确率:0.6882051282051282 准确率标准差:0.24860742984650508
[0 0 0 0 0 1 1 0 1 0 0 1 1 0 1 1 1 1 0 0 1 1 0 0 0 0 0 1 0 1]
特征数:6.0 通道数:11.0 准确率:0.9107692307692308 准确率标准差:0.17846153846153845
[1 1 0 0 1 0 0 1 0 1 1 0 0 0 1 1 1 1 1 0 1 0 1 0 0 1 0 1 1 1]
特征数:8.0 通道数:7.0 准确率:0.9066666666666667 准确率标准差:0.13063945294843618
[1 1 1 0 0 0 1 1 1 0 1 1 0 0 1 0 0 0 1 1 0 1 0 0 0 1 1 0 0 1]
特征数:7.0 通道数:7.0 准确率:0.9035897435897435 准确率标准差:0.1778356250395343
[0 0 1 0 0 0 1 0 1 1 0 1 1 1 0 0 0 0 1 0 1 0 1 1 0 1 0 0 1 1]
特征数:7.0 通道数:7.0 准确率:0.8512820512820514 准确率标准差:0.1824949451264683
[1 0 1 0 1 1 0 1 0 0 0 0 1 1 0 0 0 1 1 1 0 0 1 0 1 0 1 1 0 0]
特征数:6.0 通道数:8.0 准确率:0.9456410256410257 准确率标准差:0.10871794871794874
[1 1 0 0 1 0 1 0 1 0 1 0 0 0 1 0 0 0 1 1 0 1 0 1 1 0 0 0 1 1]
特征数:9.0 通道数:9.0 准确率:0.9035897435897435 准确率标准差:0.12538015827639898
[1 0 0 1 1 1 0 1 1 1 0 1 0 1 0 1 1 1 1 1 0 0 0 1 1 0 0 1 0 1]
特征数:4.0 通道数:10.0 准确率:0.8738461538461538 准确率标准差:0.22960618601741153
[0 1 0 0 0 1 0 1 0 0 0 0 0 1 1 1 1 0 1 1 1 0 0 0 1 1 0 1 1 0]
特征数:7.0 通道数:9.0 准确率:0.9794871794871796 准确率标准差:0.04102564102564102
[1 0 1 1 0 1 0 0 0 1 1 0 0 1 0 0 1 1 1 1 0 1 1 1 1 0 0 0 0 1]
特征数:8.0 通道数:12.0 准确率:0.9066666666666667 准确率标准差:0.18666666666666665
[1 1 0 0 1 1 0 0 1 1 0 1 1 0 1 1 1 1 1 0 1 0 1 1 1 1 1 1 0 0]
特征数:8.0 通道数:6.0 准确率:0.9805128205128204 准确率标准差:0.03897435897435897
[1 1 0 1 0 1 0 1 0 0 1 1 0 1 0 0 0 0 1 0 0 1 1 1 0 0 1 0 0 1]
特征数:4.0 通道数:9.0 准确率:0.956923076923077 准确率标准差:0.06960771077315756
[1 0 0 1 0 0 0 1 0 0 0 0 1 0 0 1 1 0 0 1 1 0 0 1 1 1 0 1 0 1]
特征数:8.0 通道数:8.0 准确率:0.9333333333333333 准确率标准差:0.13333333333333336
[1 1 1 0 0 0 1 0 1 0 1 1 0 1 0 0 0 1 1 0 1 1 1 1 0 0 0 1 0 1]
特征数:6.0 通道数:7.0 准确率:0.8984615384615384 准确率标准差:0.15231373552717847
[0 1 0 0 0 1 0 1 1 0 0 1 1 0 1 1 0 0 1 1 0 1 0 1 0 0 0 1 0 0]
特征数:7.0 通道数:10.0 准确率:0.9630769230769229 准确率标准差:0.07384615384615385
[0 0 1 1 1 0 1 1 0 0 0 1 1 0 1 1 0 1 0 1 1 1 1 0 1 1 0 1 0 0]
特征数:5.0 通道数:7.0 准确率:0.877948717948718 准确率标准差:0.17886779576804523
[0 1 1 0 1 0 0 1 1 0 0 0 0 0 0 1 0 0 1 1 0 0 1 0 1 1 0 0 0 1]
特征数:7.0 通道数:10.0 准确率:0.9682051282051283 准确率标准差:0.058596335823941345
[1 0 0 1 1 0 0 1 1 0 0 1 0 1 0 0 0 1 0 1 1 1 1 0 1 0 1 1 1 1]
特征数:7.0 通道数:9.0 准确率:0.8328205128205128 准确率标准差:0.17277104975791233
[1 0 1 0 0 0 0 1 1 1 1 1 0 0 0 0 0 1 1 1 1 1 0 1 1 1 0 0 1 0]
特征数:6.0 通道数:10.0 准确率:0.9702564102564102 准确率标准差:0.05948717948717949
[0 0 1 1 0 0 0 1 0 0 0 1 1 1 1 0 1 1 1 0 0 0 1 1 0 1 1 1 0 1]
特征数:4.0 通道数:7.0 准确率:0.9558974358974359 准确率标准差:0.03940384146112523
[0 0 0 1 0 1 0 1 0 1 0 0 0 0 1 0 1 0 1 0 0 0 0 0 0 1 1 1 0 1]
特征数:7.0 通道数:11.0 准确率:0.9661538461538461 准确率标准差:0.06769230769230768
[0 1 0 1 0 0 0 0 1 1 1 1 1 0 1 1 1 1 1 1 0 0 0 1 1 1 0 1 0 1]
